variables
{
	player:
		120: export_data
}

actions
{
	Event Player.export_data = Array(Array(Vector(0, 0, 0), Vector(-1, 0, 0), 100, 1, 100, 0, 60, 0, 0, 0, 1, 2, 10, 0, 0, 0, False,
		Array(True, False, False, False, False, False, False, False, False, False, False, False), Array(0, 0, 0, 0, 0, 0, 0, 0, 0, 0,
		0, 0), Array(Vector(0, 0, 0), Vector(0, 0, 0), Vector(0, 0, 0), Vector(0, 0, 0), Vector(0, 0, 0), Vector(0, 0, 0), Vector(0, 0,
		0), Vector(0, 0, 0), Vector(0, 0, 0), Vector(0, 0, 0), Vector(0, 0, 0), Vector(0, 0, 0)), Array(1, 0, 0, 0, 0, 0, 0, 0, 0, 0,
		0, 0), Array(Vector(1, 0, 0), Vector(1, 0, 0), Vector(1, 0, 0), Vector(1, 0, 0), Vector(1, 0, 0), Vector(1, 0, 0), Vector(1, 0,
		0), Vector(1, 0, 0), Vector(1, 0, 0), Vector(1, 0, 0), Vector(1, 0, 0), Vector(1, 0, 0)), Array(0, 0, 0, 0, 0, 0, 0, 0, 0, 0,
		0, 0), Array(Vector(0, 20, 0), Vector(0, 10, 0), Vector(0, 10, 0), Vector(0, 10, 0), Vector(0, 10, 0), Vector(0, 10, 0),
		Vector(0, 10, 0), Vector(0, 10, 0), Vector(0, 10, 0), Vector(0, 10, 0), Vector(0, 10, 0), Vector(0, 10, 0)), Array(0, 0, 0, 0,
		0, 0, 0, 0, 0, 0, 0, 0), Array(Vector(20, 20, 20), Vector(10, 10, 10), Vector(10, 10, 10), Vector(10, 10, 10), Vector(10, 10,
		10), Vector(10, 10, 10), Vector(10, 10, 10), Vector(10, 10, 10), Vector(10, 10, 10), Vector(10, 10, 10), Vector(10, 10, 10),
		Vector(10, 10, 10)), Array(0, 0, 0, 0, 0, 0, 0, 0, 0, 0, 0, 0), Array(50, 50, 50, 50, 50, 50, 50, 50, 50, 50, 50, 50), Array(
		Array(Hero(Tracer)), Array(Hero(Tracer)), Array(Hero(Tracer)), Array(Hero(Tracer)), Array(Hero(Tracer)), Array(Hero(Tracer)),
		Array(Hero(Tracer)), Array(Hero(Tracer)), Array(Hero(Tracer)), Array(Hero(Tracer)), Array(Hero(Tracer)), Array(Hero(Tracer))),
		Array(0, 100, 100, 100, 100, 100, 100, 100, 100, 100, 100, 100), Array(0, 0, 0, 0, 0, 0, 0, 0, 0, 0, 0, 0), Array(0, 0, 0, 0,
		0, 0, 0, 0, 0, 0, 0, 0), Array(0, 0, 0, 0, 0, 0, 0, 0, 0, 0, 0, 0), Array(100, 100, 100, 100, 100, 100, 100, 100, 100, 100,
		100, 100), Array(100, 100, 100, 100, 100, 100, 100, 100, 100, 100, 100, 100), Array(0, 0, 0, 0, 0, 0, 0, 0, 0, 0, 0, 0), Array(
		0, 0, 0, 0, 0, 0, 0, 0, 0, 0, 0, 0), Array(0.250, 1, 1, 1, 1, 1, 1, 1, 1, 1, 1, 1), Array(1, 1, 1, 1, 1, 1, 1, 1, 1, 1, 1, 1),
		Array(0, 0, 0, 0, 0, 0, 0, 0, 0, 0, 0, 0), Array(200, 100, 100, 100, 100, 100, 100, 100, 100, 100, 100, 100), Array(Array(1,
		-1, -1, -1, -1, -1, -1, -1, -1, -1, -1, -1), Array(1, -1, -1, -1, -1, -1, -1, -1, -1, -1, -1, -1), Array(1, -1, -1, -1, -1, -1,
		-1, -1, -1, -1, -1, -1), Array(1, -1, -1, -1, -1, -1, -1, -1, -1, -1, -1, -1), Array(1, -1, -1, -1, -1, -1, -1, -1, -1, -1, -1,
		-1), Array(1, -1, -1, -1, -1, -1, -1, -1, -1, -1, -1, -1), Array(1, -1, -1, -1, -1, -1, -1, -1, -1, -1, -1, -1), Array(1, -1,
		-1, -1, -1, -1, -1, -1, -1, -1, -1, -1), Array(1, -1, -1, -1, -1, -1, -1, -1, -1, -1, -1, -1), Array(1, -1, -1, -1, -1, -1, -1,
		-1, -1, -1, -1, -1), Array(1, -1, -1, -1, -1, -1, -1, -1, -1, -1, -1, -1), Array(1, -1, -1, -1, -1, -1, -1, -1, -1, -1, -1,
		-1)), Array(1, 1, 1, 1, 1, 1, 1, 1, 1, 1, 1, 1), Array(0, 0, 0, 0, 0, 0, 0, 0, 0, 0, 0, 0), Array(0, 0, 0, 0, 0, 0, 0, 0, 0, 0,
		0, 0), Array(0, 0, 0, 0, 0, 0, 0, 0, 0, 0, 0, 0), Array(1, 0, 0, 0, 0, 0, 0, 0, 0, 0, 0, 0), Array(20, 0, 0, 0, 0, 0, 0, 0, 0,
		0, 0, 0), Array(3, 0, 0, 0, 0, 0, 0, 0, 0, 0, 0, 0), Array(Array(1, 2, 3, 4, 5, 6, 7, 8), Array(1, 2, 3, 4, 5, 6, 7, 8), Array(
		1, 2, 3, 4, 5, 6, 7, 8), Array(1, 2, 3, 4, 5, 6, 7, 8), Array(1, 2, 3, 4, 5, 6, 7, 8), Array(1, 2, 3, 4, 5, 6, 7, 8), Array(1,
		2, 3, 4, 5, 6, 7, 8), Array(1, 2, 3, 4, 5, 6, 7, 8), Array(1, 2, 3, 4, 5, 6, 7, 8), Array(1, 2, 3, 4, 5, 6, 7, 8), Array(1, 2,
		3, 4, 5, 6, 7, 8), Array(1, 2, 3, 4, 5, 6, 7, 8)), Array(8, 8, 8, 8, 8, 8, 8, 8, 8, 8, 8, 8), Array(1, 0, 0, 0, 0, 0, 0, 0, 0,
		0, 0, 0), Array(1, 0, 0, 0, 0, 0, 0, 0, 0, 0, 0, 0), Array(1, 0, 0, 0, 0, 0, 0, 0, 0, 0, 0, 0), Array(1, 0, 0, 0, 0, 0, 0, 0,
		0, 0, 0, 0), Array(1, 0, 0, 0, 0, 0, 0, 0, 0, 0, 0, 0), Array(1, 0, 0, 0, 0, 0, 0, 0, 0, 0, 0, 0), Array(1, 0, 0, 0, 0, 0, 0,
		0, 0, 0, 0, 0), Array(1, 0, 0, 0, 0, 0, 0, 0, 0, 0, 0, 0), Array(1, 0, 0, 0, 0, 0, 0, 0, 0, 0, 0, 0), Array(20, 0, 0, 0, 0, 0,
		0, 0, 0, 0, 0, 0), Array(0.100, 0, 0, 0, 0, 0, 0, 0, 0, 0, 0, 0), Array(100, 0, 0, 0, 0, 0, 0, 0, 0, 0, 0, 0), Array(2, 0, 0,
		0, 0, 0, 0, 0, 0, 0, 0, 0), Array(1, 0, 0, 0, 0, 0, 0, 0, 0, 0, 0, 0), Array(1, 0, 0, 0, 0, 0, 0, 0, 0, 0, 0, 0), Array(0, 0,
		0, 0, 0, 0, 0, 0, 0, 0, 0, 0), Array(0, 0, 0, 0, 0, 0, 0, 0, 0, 0, 0, 0), Array(0, 0, 0, 0, 0, 0, 0, 0, 0, 0, 0, 0), Array(0,
		0, 0, 0, 0, 0, 0, 0, 0, 0, 0, 0), Array(0, 0, 0, 0, 0, 0, 0, 0, 0, 0, 0, 0), Array(0, 0, 0, 0, 0, 0, 0, 0, 0, 0, 0, 0), Array(
		0, 0, 0, 0, 0, 0, 0, 0, 0, 0, 0, 0), Array(0, 0, 0, 0, 0, 0, 0, 0, 0, 0, 0, 0), Array(0, 0, 0, 0, 0, 0, 0, 0, 0, 0, 0, 0),
		Array(0, 0, 0, 0, 0, 0, 0, 0, 0, 0, 0, 0), Array(0, 0, 0, 0, 0, 0, 0, 0, 0, 0, 0, 0), Array(0, 0, 0, 0, 0, 0, 0, 0, 0, 0, 0,
		0)));
}